68
77
75
70
70
76
74
66
67
67
70
74
74
72
73
73
68
69
70
68
71
75
65
64
69
74
75
74
73
72
73
72
74
65
68
71
68
69
72
71
69
68
73
67
68
71
73
71
72
69
78
72
69
70
74
69
65
76
70
63
68
66
78
76
69
72
68
66
70
72
72
65
62
71
63
72
71
74
71
76
73
69
71
72
74
68
70
70
71
71
75
68
74
75
67
78
67
71
66
67
74
71
64
68
63
72
79
74
71
70
73
70
73
76
74
69
67
73
75
65
68
73
65
68
75
67
71
67
70
68
76
65
65
67
72
68
64
73
63
79
67
74
71
66
72
72
69
69
62
76
67
71
69
71
73
69
74
66
66
68
68
65
68
71
74
73
77
70
69
71
72
72
71
74
69
75
71
69
69
77
72
73
70
79
69
76
72
70
72
68
72
72
71
64
72
67
73
71
70
67
69
67
71
74
68
67
69
69
73
71
66
65
70
66
67
61
70
69
71
70
75
74
72
62
75
77
73
72
72
70
70
73
69
66
67
72
73
69
81
65
70
72
71
71
70
75
68
77
77
72
63
72
72
71
68
72
71
71
74
74
69
66
72
73
73
69
72
72
68
65
71
71
72
68
68
71
71
70
72
68
72
64
65
74
74
67
68
74
74
80
78
64
70
76
75
81
70
70
67
66
67
71
72
76
76
71
68
75
77
69
69
69
69
73
66
71
64
64
69
66
67
72
71
67
63
71
75
72
71
69
69
71
72
67
70
66
68
72
64
69
73
74
70
69
70
68
74
69
75
69
70
69
70
69
74
72
65
67
77
75
74
74
73
73
68
73
68
65
70
72
66
70
68
69
72
71
66
76
65
70
62
69
73
74
71
66
69
65
70
71
73
78
71
68
70
60
71
65
65
71
70
72
70
71
69
71
71
73
66
68
70
68
75
70
68
69
74
71
68
71
68
72
72
65
69
67
67
70
69
64
75
68
74
71
71
66
79
70
70
73
63
66
68
67
72
63
73
67
72
66
80
66
76
71
69
74
74
69
78
73
71
68
64
70
77
73
66
69
76
70
72
73
65
75
65
73
71
69
65
73
72
70
71
72
69
74
71
69
69
73
73
69
68
71
72
69
67
74
74
65
71
66
66
77
72
73
77
62
72
67
76
71
69
68
68
68
70
66
72
74
71
74
64
76
75
67
67
66
65
81
73
74
70
67
71
74
73
65
75
71
67
75
69
74
72
72
68
72
65
73
74
65
72
74
68
68
70
73
65
67
71
80
77
72
66
66
67
73
73
70
71
66
68
67
76
74
66
69
66
71
72
70
74
67
69
71
69
71
67
72
74
75
69
69
73
69
70
74
75
67
68
68
71
68
72
65
74
74
64
74
71
67
68
74
66
75
66
69
71
67
70
68
67
68
61
72
65
68
74
70
68
66
67
70
72
72
72
70
67
71
65
71
74
70
71
68
68
66
65
71
72
67
73
75
74
67
71
75
79
67
67
73
66
69
67
77
69
66
67
70
70
74
69
68
71
70
75
68
69
75
70
77
76
70
69
67
69
75
69
72
73
68
73
69
67
72
74
72
70
67
69
75
74
67
71
68
75
66
73
73
76
66
71
73
74
64
69
65
69
70
72
64
69
73
74
70
78
76
69
74
70
66
69
72
73
71
75
71
72
70
65
75
73
67
64
74
65
75
72
72
68
76
68
69
66
71
66
70
65
72
65
73
65
69
71
67
67
66
71
69
72
71
62
65
67
69
71
65
71
70
68
70
68
67
66
67
71
71
74
72
69
71
71
66
70
72
68
71
70
70
72
70
69
70
68
67
75
69
73
71
70
73
71
67
68
75
70
72
76
72
67
76
69
69
73
67
75
69
70
66
71
69
74
69
76
72
70
70
74
71
67
65
68
66
72
72
76
70
70
73
68
67
65
72
71
68
69
72
70
74
69
69
75
70
69
74
67
71
69
73
69
70
69
66
69
71
76
69
67
69
68
71
74
70
74
70
64
75
73
73
65
69
69
67
66
71
67
77
69
72
69
66
66
75
72
72
77
69
71
72
75
70
80
72
81
69
73
68
69
69
73
65
71
65
71
75
75
79
73
71
69
78
74
68
69
70
68
68
69
69
64
78
67
70
74
70
70
69
68
75
73
77
74
68
69
68
68
68
74
75
69
70
69
78
73
69
74
67
75
70
73
70
72
78
62
72
69
69
69
77
75
81
65
70
68
73
67
72
74
65
69
66
70
62
64
67
72
77
66
65
